0101010110101010101101010101010110101
10101010101010101010101010101010101010101010111111111111111111111010101000000000000000000000000000000000000000000000011111000
0101010101010010101010110
101001011010101010101010101010101001010101
100101011010101010101010101010101010101010100101001010001200010101001010101001011
101010010000000000000000000000000000000000000000000000000000000001111111111111111111111110011
0101010111111111111111110000000000000000000000000011111111111110101010101010110101111111100110
01010101011011110000101010101011011010110101000011001010101110

ok 1 :)
